1000 5000
0 820 5
0 749 7
0 624 9
0 964 4
0 48 8
1 705 2
1 283 6
1 70 3
2 715 6
2 628 1
2 25 3
2 476 4
2 490 2
3 216 1
3 157 2
3 918 1
3 642 9
4 312 6
4 106 1
4 519 7
4 703 6
4 313 5
5 663 5
5 194 10
5 788 7
6 383 7
6 915 1
6 422 8
6 43 10
7 454 2
7 785 9
7 983 10
7 580 8
8 718 2
8 664 8
8 207 6
8 36 4
8 435 5
8 876 3
8 41 6
8 438 7
8 520 6
8 73 8
9 552 9
9 754 9
9 840 7
9 41 2
10 774 10
10 593 5
10 679 5
10 790 5
10 498 6
10 542 9
10 778 9
10 356 5
10 113 7
10 132 7
11 917 5
11 495 8
11 551 7
11 201 9
11 352 9
11 388 9
11 332 5
11 248 3
11 110 2
12 528 8
12 599 7
13 4 4
13 473 2
13 544 3
13 176 7
13 705 5
13 978 4
14 671 3
14 411 3
14 761 2
15 938 7
15 795 1
15 397 3
15 362 2
16 7 2
16 351 5
16 30 8
16 87 10
17 675 6
17 406 9
17 190 10
17 516 1
17 525 10
17 504 7
17 885 6
18 713 1
18 991 3
18 824 7
18 774 1
18 948 10
18 290 2
18 887 2
19 12 1
19 806 10
19 374 3
19 395 3
19 658 7
19 471 1
20 536 8
20 430 10
20 798 2
20 982 8
20 305 4
20 327 5
20 500 9
20 381 9
20 319 7
21 37 7
21 281 1
21 45 5
21 235 8
21 193 5
21 519 4
21 423 2
21 261 9
21 571 3
21 52 6
21 172 2
21 317 3
22 873 1
22 139 4
22 404 4
23 609 8
23 790 6
23 743 7
23 327 2
23 914 6
23 171 8
23 139 10
23 37 4
24 416 5
24 989 1
24 882 7
24 386 5
25 327 5
25 503 6
25 421 3
25 941 5
25 423 9
25 351 1
25 20 2
25 194 5
25 560 7
25 188 5
26 990 10
27 850 6
28 840 2
28 156 8
28 191 10
28 204 6
28 82 5
28 665 5
29 249 6
29 485 4
29 921 2
29 37 10
30 335 4
30 268 5
31 650 2
31 833 4
31 95 8
32 715 6
32 899 7
32 732 1
32 26 1
32 488 9
33 726 10
33 389 1
33 198 5
33 622 9
33 398 5
33 66 2
34 776 6
35 7 9
35 565 10
35 460 7
35 883 4
35 812 8
35 335 3
35 552 7
36 831 1
36 741 2
36 758 1
36 115 4
36 225 5
37 13 1
37 616 5
37 249 2
38 716 1
38 552 10
38 271 5
39 739 5
39 357 9
39 439 10
39 519 4
39 792 10
39 326 8
40 211 2
40 905 3
40 739 7
40 845 4
40 129 1
41 718 4
41 381 6
41 316 5
41 570 9
42 208 1
42 574 6
42 752 2
42 649 1
42 1 9
42 937 1
43 377 4
43 174 3
43 246 4
43 557 7
43 359 8
43 602 6
44 939 2
44 993 6
44 607 1
45 674 8
45 584 5
45 61 2
45 398 5
46 529 2
46 917 9
46 7 6
46 887 7
47 121 5
47 619 9
47 291 8
47 118 9
47 861 5
47 190 1
48 342 2
48 674 7
48 98 8
48 865 6
48 566 3
48 153 5
48 192 2
49 313 8
49 35 8
49 307 4
49 545 9
49 238 6
49 344 9
50 701 6
50 831 4
50 458 10
50 363 3
51 934 1
51 791 5
51 706 7
52 361 1
52 17 5
52 536 4
52 778 9
52 403 5
53 616 2
54 434 9
54 562 1
54 939 10
54 973 4
54 331 4
54 130 9
55 91 10
55 491 6
56 164 7
56 540 1
56 854 1
56 125 2
57 486 8
57 237 6
57 489 9
57 541 2
58 84 2
58 721 10
59 432 10
59 845 6
60 36 1
60 834 1
60 667 8
61 602 8
61 350 8
62 805 5
62 619 5
62 542 5
62 37 1
62 711 8
63 236 10
63 914 2
63 522 10
63 677 8
64 18 7
64 153 7
64 829 7
64 845 8
64 525 5
64 217 3
65 889 10
65 806 2
65 679 3
66 822 8
66 725 10
66 336 5
67 496 5
67 548 7
67 932 4
67 42 10
67 352 6
67 230 4
67 632 9
68 854 10
68 562 8
68 711 3
68 332 1
68 509 6
68 882 1
68 250 6
69 193 2
69 606 5
69 229 2
69 79 5
69 748 3
69 755 3
69 245 7
69 980 8
70 273 5
70 861 3
70 27 1
71 842 10
71 189 3
72 256 4
72 749 3
72 152 7
72 94 5
72 467 5
72 194 10
73 120 4
73 598 4
73 141 4
73 801 10
74 295 3
74 259 8
74 523 5
75 520 6
75 12 4
75 123 7
75 946 2
75 607 5
75 953 5
75 970 5
75 314 1
76 814 2
76 945 6
76 885 1
76 88 4
76 827 6
76 756 5
77 739 2
77 660 3
77 751 3
77 495 10
77 7 2
78 590 7
79 724 7
79 191 10
79 853 5
79 593 9
79 329 7
79 334 4
79 407 8
80 299 5
80 837 3
80 895 2
80 755 7
80 263 8
80 828 4
80 390 8
80 821 3
81 23 2
81 305 8
81 182 6
81 195 8
81 375 5
82 80 3
82 708 8
82 285 8
82 975 8
82 775 10
82 726 3
82 286 2
83 583 9
83 896 5
83 650 7
83 997 1
83 250 7
83 968 1
83 642 9
84 592 10
84 955 2
84 702 8
84 4 6
84 489 2
85 117 4
86 708 6
86 723 3
86 780 8
86 201 4
86 367 8
86 501 9
87 524 7
87 59 7
87 653 2
87 138 10
87 764 2
87 614 2
88 665 9
88 321 6
88 969 7
88 586 2
88 365 9
88 923 9
88 667 4
88 67 10
89 117 9
89 707 6
89 850 9
89 887 4
89 713 1
90 833 7
90 994 10
90 751 7
90 258 6
90 23 9
90 997 8
91 524 6
91 543 6
91 25 9
91 560 8
91 1 3
91 958 8
92 412 2
92 120 3
92 721 4
92 539 9
93 247 7
93 161 9
93 229 5
93 328 2
93 123 5
93 278 10
93 650 1
94 908 3
95 536 6
95 286 1
95 494 6
95 57 9
95 586 4
96 336 8
96 53 4
96 849 3
96 57 8
96 477 3
96 351 9
96 511 9
96 757 7
96 267 3
97 944 4
97 914 7
97 818 5
97 93 9
98 196 7
98 468 8
98 102 6
98 844 10
100 59 7
100 951 9
100 103 9
100 685 5
101 115 7
101 299 6
101 19 10
101 726 4
101 729 6
101 315 5
102 755 8
102 278 10
102 776 8
102 849 4
102 448 2
102 117 9
103 453 4
103 288 6
104 680 10
104 806 3
104 98 10
105 680 5
105 467 10
105 645 3
106 421 1
106 933 5
106 724 10
107 932 6
107 122 3
107 572 1
108 880 8
108 750 7
109 824 7
109 65 10
109 531 4
109 887 5
109 748 4
109 359 1
110 200 9
110 947 4
110 349 1
110 222 7
111 165 8
111 776 9
111 499 5
111 348 1
111 416 10
112 285 1
112 115 3
112 532 3
112 79 5
113 553 4
113 735 4
113 956 6
113 574 9
113 76 10
114 360 5
114 448 9
114 481 7
114 829 9
114 612 9
114 647 10
114 51 5
115 840 9
115 759 1
115 837 6
115 337 5
115 835 9
116 913 9
116 846 1
118 635 3
118 110 4
118 117 8
118 757 10
118 10 1
118 800 2
118 367 2
119 651 4
119 27 8
119 226 3
119 115 1
119 739 6
119 305 1
119 917 8
119 421 7
119 326 1
119 885 7
119 874 9
120 456 8
120 733 4
120 203 10
120 118 9
120 207 7
121 148 3
121 627 10
121 240 2
122 935 2
122 368 8
122 676 7
122 878 2
122 426 8
123 232 3
123 107 2
123 606 3
123 844 3
123 888 6
124 866 1
124 229 2
125 777 7
126 971 3
126 522 5
126 408 10
126 48 8
126 956 9
126 57 9
127 225 7
127 396 8
127 536 3
127 335 4
127 674 7
128 645 1
128 598 2
128 344 8
128 482 3
128 464 9
128 309 2
128 478 7
129 797 5
129 522 8
129 995 9
129 265 2
129 131 3
129 557 7
130 428 5
130 516 4
130 235 1
130 348 10
130 773 2
131 554 3
131 126 5
131 972 9
131 674 4
132 162 2
132 184 9
133 886 7
133 347 2
133 131 10
133 624 9
134 127 8
134 797 6
134 976 5
134 645 5
134 395 5
135 378 7
135 463 1
135 866 7
136 328 2
136 27 9
137 854 1
137 501 7
137 281 7
138 608 8
138 823 2
138 16 5
139 695 7
139 406 6
139 36 5
140 239 4
140 17 6
140 190 4
140 204 9
140 11 7
140 313 9
140 724 6
140 901 1
141 556 9
141 791 1
141 648 2
142 979 9
142 259 5
142 193 6
142 181 1
142 600 3
142 614 7
143 305 8
143 754 8
143 734 4
143 271 9
143 287 3
143 267 10
143 978 8
143 132 3
143 459 3
144 167 1
144 253 9
144 926 3
144 32 7
144 883 9
144 368 8
145 471 8
145 406 4
145 393 6
145 704 6
145 624 4
145 69 2
146 100 10
146 344 5
146 187 1
146 819 3
146 973 4
146 223 8
147 842 4
147 161 4
147 719 1
148 719 3
148 483 9
148 528 1
149 133 6
149 912 7
150 765 6
150 320 5
150 790 9
150 784 6
151 241 4
151 744 9
151 673 1
151 123 2
151 487 1
151 669 2
152 633 10
152 612 5
152 421 7
153 845 1
153 456 10
154 546 3
154 313 9
154 385 10
154 231 10
154 327 3
154 309 7
154 707 1
154 889 2
154 426 3
154 607 6
155 180 1
155 92 9
155 230 4
155 782 8
155 327 5
155 116 2
155 423 8
156 511 5
156 85 8
156 594 7
156 111 9
156 238 5
157 425 8
157 298 4
157 355 3
158 48 7
158 631 8
158 687 4
158 379 1
158 831 9
158 714 1
159 406 6
159 158 3
159 649 5
159 243 7
159 717 7
159 754 4
159 232 10
159 130 1
159 200 7
160 541 4
160 887 6
160 414 9
160 729 7
160 919 4
160 112 1
160 742 7
160 236 4
161 338 7
161 467 10
161 72 2
161 336 3
161 185 2
162 680 6
162 950 7
162 968 7
163 366 10
163 507 8
163 555 6
163 569 3
164 670 7
164 561 1
164 178 6
164 939 3
164 654 10
164 849 6
165 548 4
165 262 10
165 515 10
165 797 3
165 603 8
165 142 1
165 220 8
166 854 2
166 247 1
166 862 6
167 309 6
167 210 2
167 917 4
167 640 7
167 106 9
167 785 6
167 581 7
168 524 7
168 173 3
168 689 4
168 864 2
168 956 3
168 87 10
169 518 8
169 303 5
169 268 10
169 205 3
169 975 10
169 796 6
169 425 2
170 516 8
170 117 2
170 388 8
170 658 2
171 459 7
171 727 3
171 226 3
171 118 3
171 22 3
171 414 8
171 143 4
171 765 10
171 84 8
171 617 9
172 192 8
172 211 9
172 393 7
172 355 5
172 215 2
172 625 5
172 459 9
173 704 7
173 679 7
173 605 6
174 627 7
174 524 10
174 971 6
174 688 9
175 452 5
175 631 5
175 437 8
176 666 1
176 227 8
176 842 4
176 404 6
176 388 9
177 631 3
177 923 1
177 178 3
177 248 10
177 97 2
177 918 6
178 796 4
178 858 1
178 827 3
178 966 6
178 149 10
179 881 1
179 689 4
179 264 2
180 220 7
180 795 7
180 47 9
180 961 9
180 573 6
181 943 9
181 641 7
181 780 2
181 270 5
181 870 6
182 513 2
182 819 10
182 992 6
182 759 3
182 762 4
182 512 2
182 36 5
183 13 4
183 123 4
183 85 7
183 51 8
183 613 7
183 276 2
184 435 10
184 736 8
184 413 7
184 450 8
184 423 7
184 446 10
185 819 2
185 513 3
185 3 9
185 961 6
185 35 9
185 374 4
186 269 1
186 121 3
186 381 1
186 47 6
187 505 6
187 654 9
187 596 7
187 966 8
187 922 5
188 497 2
188 172 5
188 3 9
188 702 2
188 717 4
188 733 1
188 65 1
188 684 10
188 40 2
188 9 6
189 929 5
189 524 3
189 495 10
189 758 10
189 902 10
189 316 2
189 397 8
189 561 8
189 242 1
190 748 7
190 98 9
190 237 1
190 574 6
191 735 1
191 627 10
191 679 1
191 503 8
192 311 5
192 838 7
192 638 10
192 244 5
192 620 6
192 50 1
192 193 3
192 369 5
192 742 9
192 207 6
192 766 8
193 958 1
193 676 7
193 148 10
193 553 6
193 817 7
193 200 4
193 738 3
194 403 2
194 954 4
195 183 9
195 271 1
195 719 3
195 643 1
195 499 8
196 86 6
196 807 9
196 208 8
196 178 2
196 656 6
196 754 3
196 51 1
196 146 4
196 875 4
196 982 2
197 329 1
197 307 1
197 798 5
197 538 1
197 108 3
198 724 2
198 281 6
198 486 9
198 763 5
198 792 1
198 652 4
198 544 9
198 31 6
198 225 2
198 272 4
199 891 2
200 973 7
200 638 4
200 309 1
200 560 3
200 356 10
200 22 5
201 296 1
201 220 9
201 480 3
201 540 2
202 674 3
202 361 1
202 630 4
202 474 6
202 456 9
202 20 2
202 581 5
203 492 9
203 662 10
203 969 6
203 767 1
204 823 6
204 388 8
204 869 6
204 430 1
205 969 3
205 503 3
205 769 3
205 780 1
206 317 3
206 166 1
206 154 2
206 308 2
207 725 6
207 582 10
207 291 7
207 416 7
208 628 7
208 271 4
208 553 1
208 500 4
208 529 1
208 265 4
208 717 1
209 31 8
209 638 8
209 567 4
209 399 2
209 798 6
209 201 2
209 368 5
209 528 3
209 260 7
210 14 2
210 488 4
210 563 2
210 228 5
211 702 7
211 282 8
211 767 7
211 897 5
211 20 1
212 889 5
212 661 2
212 669 9
212 874 1
212 188 8
213 471 2
213 91 2
213 504 8
213 965 2
213 56 4
213 986 6
213 141 7
214 409 4
215 271 1
215 409 5
215 746 8
215 178 1
215 48 3
216 757 8
216 257 5
216 479 8
216 524 2
216 301 4
216 938 3
217 687 2
217 188 10
217 457 9
217 126 7
217 682 9
217 215 3
217 499 5
217 700 1
217 417 3
217 427 6
217 316 2
218 987 2
218 656 7
218 781 3
218 313 4
218 759 3
218 552 9
218 853 8
219 273 2
219 101 5
219 435 9
220 585 5
220 11 6
220 622 4
220 621 3
221 89 3
221 729 8
221 867 10
221 916 8
221 347 4
221 264 2
221 439 8
221 885 7
222 243 2
222 236 5
222 900 2
222 32 3
222 39 9
222 162 7
222 972 1
223 316 4
223 680 9
223 931 7
223 271 8
223 636 4
223 78 2
223 83 1
223 961 2
223 3 4
224 935 5
224 923 6
224 214 1
224 209 1
224 828 5
224 118 8
224 810 4
225 179 9
225 217 6
225 139 9
225 293 5
225 709 8
225 618 7
225 889 7
225 326 1
226 127 3
226 475 10
226 222 7
226 11 7
226 172 4
227 742 7
227 259 6
227 1 2
227 872 9
227 787 6
227 762 2
228 134 1
228 899 8
228 995 7
228 145 3
228 105 1
228 321 9
228 101 9
229 512 10
229 20 10
229 386 7
229 450 2
229 872 5
229 444 1
229 894 2
230 757 3
230 314 7
230 160 10
230 954 2
231 702 6
231 490 6
231 786 9
231 537 1
232 938 4
232 99 8
232 884 7
233 273 1
233 257 6
233 316 10
233 8 7
233 874 4
233 254 7
234 17 2
234 722 10
234 236 2
234 105 8
235 241 10
235 94 5
235 42 4
236 582 9
236 480 8
236 796 2
236 175 1
237 153 5
237 290 10
237 988 10
238 960 4
238 598 2
238 712 2
238 193 7
238 432 4
238 357 7
238 994 9
239 557 9
239 100 8
239 350 9
239 25 7
240 206 4
240 998 9
240 687 9
241 247 2
241 743 9
241 592 4
241 385 6
241 361 3
242 266 2
242 279 7
243 458 7
243 913 3
243 844 8
243 535 2
244 110 2
244 279 10
244 885 8
244 315 5
245 428 2
245 376 2
245 271 6
245 7 5
245 796 7
245 476 1
246 190 9
246 465 1
246 253 1
246 453 8
246 194 6
246 762 9
247 470 1
247 579 9
247 859 4
247 244 8
248 7 2
248 412 8
248 749 8
248 904 3
249 280 7
249 926 3
249 220 4
249 860 5
249 959 9
249 441 9
249 761 10
250 425 5
250 636 8
250 522 6
250 904 4
250 638 9
250 289 2
251 834 1
251 752 7
251 294 5
251 705 6
252 166 6
252 380 9
252 788 7
253 528 9
253 117 5
253 642 6
253 333 8
254 125 5
254 956 10
254 623 4
254 24 3
255 269 4
255 737 3
255 550 7
255 474 10
255 194 3
256 464 7
256 5 7
256 226 1
256 409 7
256 473 2
257 738 6
257 903 3
257 576 7
257 277 5
257 518 9
257 505 10
258 134 7
258 115 7
258 364 6
258 904 1
258 660 5
259 101 10
259 291 8
259 528 5
259 441 7
259 10 4
260 603 1
260 125 7
260 756 8
260 546 5
260 830 10
260 928 5
260 351 2
261 531 5
261 533 6
261 19 3
261 906 2
261 195 6
262 206 3
262 272 1
262 921 4
262 602 3
262 666 7
263 612 7
263 41 3
263 946 4
263 48 6
263 320 8
263 829 9
263 26 6
263 416 4
264 853 5
264 26 5
264 21 4
264 449 9
264 94 4
264 680 6
264 52 6
264 365 3
265 722 3
265 102 2
265 511 9
265 16 4
265 534 10
265 466 6
266 865 2
266 826 3
266 442 2
266 459 9
266 749 4
266 466 10
267 83 8
267 438 6
267 959 3
267 911 9
267 624 3
268 575 10
268 186 9
268 956 9
268 195 3
268 408 3
268 42 1
269 234 10
269 268 5
269 976 6
269 4 2
269 12 9
270 525 8
270 837 8
271 877 6
271 757 9
271 903 9
271 604 7
271 958 2
271 216 7
271 154 3
271 818 4
272 365 1
272 548 4
272 204 6
272 66 1
273 350 9
273 754 10
273 309 5
273 166 3
274 977 6
274 138 9
274 169 2
274 445 1
275 605 5
275 676 3
275 806 10
276 394 7
276 513 2
276 146 1
276 244 7
276 456 10
276 797 10
277 308 3
277 806 3
277 664 3
278 510 2
278 845 7
278 264 7
278 274 10
278 699 5
279 648 5
279 855 5
279 802 10
279 526 5
279 987 8
279 83 4
279 681 2
279 27 6
280 832 6
280 131 7
280 803 4
280 737 5
280 94 8
281 791 10
281 737 3
281 109 2
281 221 1
281 199 10
282 626 10
282 318 5
282 619 1
283 907 6
283 471 5
283 83 7
283 422 6
283 142 8
283 949 7
283 359 3
283 365 1
284 874 10
284 263 2
284 615 10
284 58 3
285 702 4
285 690 8
285 542 6
285 304 6
286 953 7
286 510 6
286 96 3
287 464 6
287 718 4
287 443 10
287 21 1
288 843 1
288 811 3
288 928 8
288 610 9
289 514 3
289 590 10
289 390 8
289 981 3
289 343 2
289 651 2
289 675 8
290 971 10
290 111 6
290 664 5
290 901 8
290 429 10
291 392 2
291 633 10
292 881 8
292 91 1
292 475 9
292 731 10
292 859 4
292 393 4
292 960 5
292 279 6
293 773 9
293 908 4
293 16 8
293 790 5
293 325 7
294 315 7
295 181 6
295 769 1
295 223 8
295 842 8
296 687 7
296 300 5
297 654 8
298 729 2
298 846 5
298 860 7
298 106 9
298 781 9
298 167 3
299 511 2
299 45 10
299 376 2
299 874 8
300 889 6
300 88 7
301 949 1
301 173 1
301 390 3
301 231 1
301 496 9
301 999 6
302 541 5
302 634 10
302 48 10
302 806 5
302 523 3
303 595 2
303 327 7
304 427 7
304 560 3
304 999 6
305 729 1
305 819 4
305 834 4
305 804 3
305 940 10
305 96 6
305 839 6
305 624 2
306 603 3
306 128 3
306 433 9
306 814 6
307 262 5
307 653 6
307 873 9
307 440 8
307 874 9
307 78 1
307 541 1
307 240 5
308 509 5
308 101 10
308 252 8
308 683 9
308 133 5
308 800 10
309 567 10
309 273 9
310 234 5
310 398 2
310 168 1
310 396 9
311 623 4
311 521 8
311 707 5
311 334 8
311 329 5
311 194 8
311 845 7
311 630 7
312 61 5
312 942 2
312 239 9
312 345 7
312 640 5
313 434 10
313 654 10
313 75 10
313 385 9
313 591 3
313 240 8
314 637 8
314 898 6
314 630 5
314 33 9
315 666 7
315 267 9
315 272 3
315 102 3
315 290 10
315 123 2
315 914 9
315 83 10
316 424 6
316 869 1
316 525 2
316 366 10
316 137 1
316 79 6
317 714 5
317 784 1
317 823 4
317 935 3
317 461 1
318 560 10
318 508 3
318 40 4
319 406 9
319 482 3
319 629 4
319 344 5
319 159 10
319 140 2
319 10 7
319 247 1
319 833 8
320 233 2
320 620 9
320 565 5
320 798 6
320 513 9
320 89 4
320 663 3
321 49 4
321 148 8
321 305 9
321 586 8
321 978 1
321 351 4
322 286 8
322 708 5
322 994 3
322 876 8
323 639 9
323 473 4
323 972 10
323 909 6
323 470 5
323 115 3
324 574 1
324 951 5
324 483 1
324 418 3
324 88 3
325 47 5
325 218 1
325 991 10
325 426 9
325 507 9
325 177 3
325 965 5
325 185 8
326 756 1
326 796 10
326 514 7
326 842 6
326 525 5
326 293 1
326 587 5
326 62 6
326 473 10
327 221 4
327 946 3
328 368 10
328 377 4
328 795 9
329 807 2
329 46 8
329 681 6
329 147 1
330 865 7
330 873 4
330 623 4
330 467 9
330 474 10
331 993 5
331 729 4
332 516 1
332 441 6
332 407 4
332 186 1
332 272 3
332 467 6
333 341 6
333 362 10
333 293 1
333 274 2
333 331 6
333 540 10
333 181 4
334 459 3
334 621 10
334 832 5
334 186 2
334 7 7
334 830 8
335 278 3
335 499 3
335 710 1
335 48 9
335 638 1
336 195 7
336 175 6
336 225 8
336 106 3
337 221 10
337 483 3
337 187 10
337 583 7
337 730 3
337 576 5
337 67 3
337 363 3
337 310 4
338 976 2
338 593 8
338 556 2
338 23 3
338 461 4
338 305 2
338 727 1
339 166 10
339 377 5
339 237 2
340 433 5
340 746 9
340 422 8
340 472 3
340 219 8
340 424 7
340 377 5
340 656 6
340 385 6
341 822 4
341 983 9
341 912 3
341 834 2
341 78 4
342 290 5
342 568 3
343 827 2
343 722 1
343 499 3
343 866 7
344 971 10
344 978 7
344 131 4
344 710 6
345 193 8
345 435 9
345 279 3
346 452 5
346 443 4
346 927 6
346 377 9
346 526 3
346 959 8
346 515 6
347 752 3
347 229 10
347 12 6
348 974 3
348 932 10
348 741 5
349 104 10
350 455 10
351 982 1
352 449 9
352 255 2
352 306 10
352 842 4
352 652 1
353 284 3
353 820 1
354 535 9
354 89 6
354 990 3
354 916 10
354 264 1
355 328 8
355 48 7
356 128 4
356 237 2
356 718 2
356 832 5
356 199 3
356 579 6
357 694 2
357 102 4
357 769 1
357 832 3
357 654 6
357 391 3
357 138 2
358 359 9
358 335 5
358 965 3
358 755 7
358 356 1
358 628 8
359 583 10
359 996 1
359 26 7
359 780 9
359 849 3
359 814 5
359 125 6
360 697 3
360 799 10
361 655 3
361 558 1
361 934 7
361 15 9
361 601 7
362 119 8
362 425 3
362 730 4
362 717 8
362 551 7
362 298 7
362 478 1
362 418 1
362 591 4
363 740 8
363 182 3
363 106 1
363 880 2
363 679 6
363 784 7
363 609 3
364 158 1
364 89 8
364 32 5
364 425 9
364 851 7
364 734 8
365 859 1
365 673 5
365 745 8
365 902 7
366 811 1
366 806 8
366 420 7
366 39 5
367 265 10
367 400 2
367 82 6
367 352 10
367 917 3
368 520 10
368 757 2
368 60 8
368 730 7
368 571 5
368 468 2
368 761 5
368 613 3
369 805 7
369 641 9
369 419 9
369 523 1
369 196 5
369 843 1
369 17 10
369 870 7
370 562 6
370 666 8
370 157 1
370 60 8
370 916 1
370 760 5
370 485 4
370 410 2
371 107 8
371 514 10
371 930 4
371 151 2
371 519 2
371 842 3
371 791 2
371 886 5
371 973 6
372 340 10
372 332 4
372 349 7
373 566 9
373 795 6
373 389 8
373 660 1
373 368 9
373 318 5
373 994 4
374 936 9
374 366 5
374 218 6
375 448 4
375 365 5
375 433 3
375 603 10
375 183 5
375 661 3
376 932 8
376 722 5
376 900 10
376 787 7
376 164 7
376 802 5
376 148 10
377 745 3
377 778 5
377 837 7
377 989 6
377 496 4
377 438 5
378 162 3
378 79 2
378 125 1
378 767 7
379 350 3
379 378 5
379 214 5
379 641 7
380 424 6
380 677 4
380 882 6
381 316 7
381 184 6
381 677 3
382 943 9
382 15 9
382 396 2
382 6 4
383 454 3
383 883 4
384 558 3
384 77 1
384 67 8
385 276 8
385 436 1
385 971 6
385 817 9
385 119 1
386 605 8
386 97 7
386 10 4
386 384 4
387 334 10
387 513 2
387 231 3
388 257 2
388 750 8
388 490 7
388 822 3
388 709 5
388 546 4
388 484 4
388 575 1
389 701 3
390 54 10
390 649 4
390 647 4
390 298 10
390 220 10
390 92 10
390 667 6
391 573 1
391 928 10
391 149 8
391 959 7
392 413 7
392 502 7
392 503 1
393 614 3
394 69 4
394 373 8
394 212 9
394 588 1
394 880 2
395 561 3
395 87 9
395 983 10
396 174 9
396 189 7
396 465 4
397 764 8
397 191 5
397 312 7
398 331 2
398 751 7
398 547 1
398 643 9
398 590 7
399 766 1
399 913 6
399 851 3
399 676 9
399 611 8
399 85 3
399 716 5
400 311 5
400 137 10
400 863 2
400 590 6
400 453 6
401 922 10
401 690 4
401 702 10
401 179 10
402 880 9
402 857 10
402 77 9
402 740 9
403 675 10
403 180 7
403 511 9
403 538 5
403 562 10
404 742 2
404 480 9
405 347 9
405 886 1
405 862 1
405 985 4
405 401 3
406 358 2
406 513 9
406 910 6
406 939 3
406 380 6
406 957 7
407 428 5
407 883 2
407 737 4
407 472 4
407 187 1
407 548 9
407 269 6
407 725 9
407 637 3
408 549 9
408 237 9
408 46 7
408 588 2
409 650 10
409 37 10
409 167 9
409 633 8
410 164 3
410 777 3
410 590 5
410 140 4
410 709 7
410 573 2
410 33 7
411 434 7
411 186 7
411 333 5
411 422 10
411 404 6
412 301 6
412 275 7
412 274 5
412 945 7
413 598 6
413 526 5
413 524 10
413 321 2
414 562 2
414 375 6
414 71 2
414 315 5
414 973 9
415 875 7
415 735 9
415 46 3
415 611 4
415 137 6
415 654 8
415 405 7
415 880 4
415 446 9
416 453 5
416 124 6
416 570 5
416 271 3
416 270 3
416 297 6
417 533 3
417 674 9
417 628 10
417 323 8
417 419 7
417 953 8
417 202 4
417 364 7
418 359 1
418 388 4
418 386 10
418 905 2
418 527 5
419 366 10
419 851 3
419 780 4
419 576 8
419 102 7
420 41 5
420 83 8
420 680 1
420 850 4
421 953 8
421 838 6
421 830 6
421 721 4
421 485 2
421 448 10
421 940 9
421 232 7
421 320 1
421 155 2
421 360 4
422 845 8
422 408 2
423 580 1
423 199 4
423 250 8
423 886 6
423 500 10
423 238 1
423 841 6
424 779 8
425 654 9
425 49 6
425 592 5
425 418 1
425 938 6
426 573 10
426 594 3
426 815 3
426 595 6
426 254 2
427 977 7
427 276 10
427 770 7
427 447 2
427 323 9
427 152 4
428 508 7
428 97 8
428 420 8
428 650 8
428 551 4
428 578 3
428 717 1
428 118 5
428 132 5
429 636 8
429 899 5
430 626 5
430 253 2
430 327 2
430 590 2
430 877 1
430 388 8
430 356 9
431 787 2
432 24 4
432 99 4
432 85 3
432 127 1
432 720 9
433 360 9
433 957 7
433 699 6
433 8 5
433 935 8
433 366 5
433 443 10
433 251 5
434 359 4
434 704 6
434 911 7
434 120 7
434 490 1
434 464 6
435 248 8
435 892 4
435 510 9
435 854 9
435 818 10
435 487 6
435 406 3
435 889 8
436 248 4
436 566 2
436 110 10
436 613 6
436 180 4
436 342 2
436 877 3
437 752 2
437 497 8
437 335 2
438 734 4
438 300 5
438 334 5
438 892 2
438 299 6
438 600 6
439 694 9
439 135 7
440 125 5
440 60 5
440 470 2
440 259 6
440 949 2
441 559 4
441 573 6
441 637 8
441 428 9
442 368 10
442 17 7
442 178 10
442 799 1
442 482 4
442 597 8
442 830 2
442 525 6
443 546 1
443 737 3
443 337 7
443 875 4
443 761 9
443 108 7
443 46 3
443 227 9
443 13 1
444 185 10
444 164 1
444 984 9
444 509 4
444 673 2
444 540 9
445 871 7
445 64 7
445 778 3
446 997 6
446 964 5
446 729 9
446 548 5
446 915 2
446 261 8
446 815 2
446 523 3
446 269 4
446 519 3
447 900 6
447 270 10
447 757 9
447 598 6
447 683 4
448 401 8
448 121 8
448 980 6
448 409 7
448 477 1
448 643 10
448 341 3
448 820 4
448 53 5
449 58 9
449 414 1
449 830 10
449 488 1
449 341 10
449 907 9
450 982 3
450 82 6
450 655 2
450 471 10
450 310 6
450 915 6
450 676 3
450 806 10
450 769 9
450 944 2
451 517 3
451 776 10
451 343 7
451 86 5
451 820 1
451 610 5
452 241 6
452 112 1
452 39 5
452 683 7
452 642 8
453 865 9
453 911 1
453 796 2
453 605 1
453 861 1
453 892 6
454 137 4
454 904 8
454 648 5
454 148 9
455 494 5
455 700 9
455 773 4
455 160 9
455 961 6
455 287 6
455 723 10
455 616 4
456 156 9
456 74 2
456 653 2
456 941 10
456 534 2
456 85 2
456 59 6
457 389 6
457 321 2
457 789 2
457 283 1
458 357 10
458 474 3
458 934 7
458 34 10
458 716 7
459 209 8
459 450 8
459 75 10
459 205 6
459 280 3
459 599 2
459 113 10
459 681 6
459 388 9
459 869 3
460 772 4
460 722 4
460 650 9
461 370 9
461 66 7
462 791 5
462 917 8
462 586 8
462 508 8
462 321 6
462 537 7
462 621 5
463 644 8
463 874 2
463 365 5
463 909 4
463 846 3
463 841 5
463 686 7
463 103 7
464 5 4
464 152 9
464 978 8
464 627 2
464 769 6
465 350 3
465 153 6
465 140 5
465 761 8
466 556 3
466 294 1
466 939 6
466 547 4
467 969 3
467 610 1
467 287 5
467 308 2
467 437 7
467 202 9
468 373 5
468 963 3
468 405 3
468 79 4
468 154 9
468 506 3
469 590 8
469 81 4
469 359 7
469 664 5
469 840 4
469 308 1
470 524 10
470 350 5
470 75 3
470 593 4
471 383 1
471 718 3
471 935 7
471 186 4
471 755 9
472 857 8
472 671 8
472 347 8
473 833 5
473 117 3
473 240 6
473 189 10
473 576 2
473 799 6
473 725 2
473 866 7
473 742 10
473 784 3
474 750 2
474 825 6
474 379 6
474 401 8
475 861 1
475 31 9
475 806 1
475 857 2
475 807 1
476 825 9
476 627 8
477 610 3
477 856 8
477 568 10
477 625 3
477 512 9
478 641 6
478 911 3
478 782 4
478 400 9
479 448 7
479 721 10
479 179 1
479 148 5
479 674 8
480 114 8
480 203 5
480 698 10
481 343 7
481 411 5
481 870 6
481 344 2
482 502 10
482 847 5
482 944 9
482 116 3
482 585 2
482 24 6
482 970 2
482 126 10
482 199 6
483 159 7
483 301 5
483 205 10
483 72 6
483 435 8
483 396 10
483 358 8
484 471 2
484 506 10
484 307 7
484 740 1
484 330 4
484 344 9
484 243 1
484 751 8
484 687 2
485 419 5
485 74 5
485 680 1
485 248 9
486 806 1
486 31 3
486 874 3
486 845 5
487 801 2
487 53 1
487 461 3
487 107 2
488 282 8
488 496 10
488 896 10
488 579 7
488 424 3
489 981 3
489 97 5
490 564 10
490 204 8
490 248 7
490 205 2
490 600 9
491 484 6
491 287 10
491 624 10
492 33 5
492 44 8
492 658 6
492 741 7
493 731 2
493 586 1
494 651 5
494 962 4
494 670 6
494 216 6
494 150 5
495 659 8
495 598 2
495 304 1
495 362 1
495 245 1
495 198 4
495 356 9
495 127 10
496 703 1
496 308 6
497 449 1
497 369 4
497 21 8
497 350 7
498 876 3
498 588 6
498 3 7
498 343 9
499 313 9
499 210 6
499 84 9
500 563 9
501 662 4
501 490 9
501 555 3
501 423 7
501 560 5
502 897 6
502 243 4
502 632 5
502 881 8
502 519 4
502 60 9
503 718 6
503 132 8
503 605 3
503 581 10
503 511 8
503 828 7
503 678 6
503 181 5
504 898 7
504 14 2
504 510 9
505 88 5
505 107 2
505 173 1
505 972 6
505 500 5
506 530 2
507 478 9
507 842 8
507 771 6
507 466 6
507 486 2
507 981 4
508 590 2
508 900 9
508 734 2
508 88 6
508 113 3
508 405 8
509 590 3
509 52 1
509 31 1
509 896 6
509 391 3
510 239 5
510 491 4
510 242 1
510 899 9
511 602 6
511 945 6
511 354 7
511 876 4
511 295 3
512 846 3
512 859 3
512 452 10
512 933 3
512 765 1
512 63 10
512 652 2
512 804 7
513 350 1
513 842 2
513 814 6
513 954 8
514 24 7
514 997 8
514 787 7
514 497 7
514 861 7
514 110 5
515 430 6
515 42 1
515 621 3
516 495 1
516 911 9
516 280 4
516 382 5
516 570 6
516 571 8
516 453 3
517 705 2
517 709 2
517 784 8
517 547 8
518 484 4
518 458 10
519 861 5
519 889 2
519 905 5
519 97 2
520 35 9
520 280 1
520 377 1
520 974 8
520 710 6
521 827 8
521 711 6
521 456 5
521 163 2
522 588 10
522 561 3
522 831 7
522 374 7
522 804 8
522 957 7
522 611 8
523 74 4
523 588 6
523 243 10
524 968 6
524 582 10
524 731 5
524 240 7
524 155 5
525 593 8
525 190 4
525 110 8
526 373 4
526 724 4
526 650 1
526 897 6
526 841 1
526 642 10
527 319 9
527 936 4
527 544 7
527 661 8
527 235 7
528 755 7
528 826 6
528 491 2
528 352 5
528 857 2
529 291 5
529 192 4
529 614 5
529 740 5
529 978 2
529 960 2
529 662 9
530 78 4
530 346 6
530 459 6
530 21 8
530 298 4
530 98 7
530 62 6
531 567 1
531 259 9
531 910 2
531 149 10
531 391 9
531 574 6
531 493 10
531 253 4
531 991 5
532 180 1
532 386 8
532 629 2
533 55 9
533 689 10
534 6 10
534 576 6
534 802 1
534 5 3
534 873 9
534 498 9
534 790 3
534 52 2
535 74 8
535 109 9
535 125 1
535 301 5
535 909 9
535 404 10
535 373 5
535 817 10
535 387 2
535 747 9
536 513 8
536 211 4
536 362 9
536 203 10
536 544 3
536 801 4
536 231 3
536 885 4
536 923 10
537 404 7
537 455 7
537 298 10
537 782 2
537 229 6
538 219 10
538 64 8
539 116 3
539 251 3
539 385 7
539 343 6
539 639 7
540 696 2
540 14 3
540 555 10
540 509 4
540 865 1
540 754 1
541 255 5
541 822 6
541 201 9
542 788 2
542 570 9
542 536 9
542 454 3
543 396 10
543 987 2
544 384 1
544 152 10
544 250 9
544 57 4
544 866 7
544 750 6
544 341 4
545 287 2
545 500 1
545 330 9
545 176 7
546 779 5
546 333 1
546 828 10
546 639 7
546 180 8
546 310 4
547 22 3
547 542 2
547 295 2
547 459 5
547 635 10
547 184 8
548 590 10
548 23 10
548 683 6
548 888 2
548 388 3
548 781 8
549 971 6
549 895 8
549 927 5
549 231 8
550 947 2
550 881 9
550 645 1
550 836 4
550 179 7
551 617 1
551 246 8
551 98 3
551 236 8
551 442 6
551 382 5
551 149 8
552 849 6
552 752 1
552 930 1
552 787 5
552 511 6
553 839 6
553 893 4
553 62 2
553 59 7
553 505 5
553 469 6
553 630 10
553 382 1
553 706 7
554 239 10
554 183 8
554 271 1
554 649 4
554 261 8
555 781 10
555 664 10
555 373 1
555 271 1
555 391 6
555 42 8
556 244 3
556 37 7
557 61 6
557 866 1
557 401 10
557 145 5
558 328 3
558 33 5
559 972 9
559 79 4
559 1 1
559 630 6
560 209 6
560 597 9
560 912 5
560 300 6
560 314 1
561 862 8
561 878 7
561 556 9
561 484 7
561 893 10
562 311 2
562 392 4
562 61 6
562 947 1
563 680 7
563 273 7
563 880 1
563 471 1
563 24 8
563 274 3
563 473 10
564 549 3
564 406 2
564 790 5
564 978 10
564 622 1
564 237 1
565 525 8
565 477 1
565 772 4
565 222 1
565 913 10
566 982 2
566 732 4
566 37 8
566 3 6
566 393 3
566 588 5
566 661 2
566 944 8
567 180 9
567 252 8
567 351 1
567 958 1
567 101 9
568 345 6
568 177 1
569 335 7
569 640 2
569 654 10
569 267 9
569 211 1
570 648 3
570 20 2
571 28 7
571 575 3
571 382 6
571 744 2
572 616 5
572 895 6
572 398 2
572 216 8
572 937 9
572 926 4
573 859 1
573 536 2
573 947 4
573 922 1
573 693 4
575 245 8
575 373 9
575 970 2
575 543 7
575 943 10
576 325 7
576 832 4
576 198 1
576 392 9
577 181 1
577 77 6
577 545 1
578 821 9
578 519 4
578 526 5
578 721 1
578 516 1
579 476 1
579 80 4
579 955 7
579 303 5
579 896 7
579 562 10
579 363 3
579 529 5
579 120 5
579 419 10
579 436 10
580 285 4
580 149 8
580 809 7
580 238 2
580 470 6
580 359 5
581 992 7
581 202 10
581 601 3
581 835 8
581 684 8
582 490 1
582 898 2
582 893 5
582 598 4
583 296 2
583 564 2
584 560 8
584 608 9
584 488 5
585 902 10
585 335 4
585 974 6
585 551 1
585 867 2
585 536 9
585 36 2
586 400 3
586 987 5
588 141 1
588 142 10
588 242 1
588 760 4
588 987 8
590 913 9
590 525 4
590 463 6
590 34 10
590 544 9
591 331 4
591 184 5
591 300 3
591 920 10
591 185 2
592 453 1
592 408 6
592 201 2
593 237 8
593 353 3
593 873 2
593 425 1
593 546 3
594 97 8
594 682 3
594 233 3
594 942 1
595 552 6
595 991 1
595 208 3
595 946 5
595 383 8
595 130 3
595 8 6
596 142 4
596 747 6
596 581 6
596 138 2
597 912 4
597 707 4
597 603 10
597 338 9
597 834 10
597 502 9
597 985 2
598 825 8
598 474 6
599 33 7
599 669 3
599 99 4
599 432 5
600 922 1
600 858 3
600 621 6
600 333 9
600 562 1
600 16 3
600 861 4
600 693 2
601 744 10
601 665 3
601 511 3
601 790 1
601 882 10
601 974 8
601 405 10
602 234 4
602 377 4
602 816 9
602 287 1
603 748 1
603 496 10
603 140 10
603 316 5
603 280 8
603 129 1
604 510 4
604 700 5
604 774 2
605 655 9
605 804 1
605 143 7
605 956 3
606 42 5
606 880 5
606 113 4
606 425 6
607 248 10
607 46 8
607 739 7
607 923 7
607 61 5
607 769 7
607 524 1
608 176 6
608 729 9
608 726 1
608 432 1
608 819 6
608 640 7
609 109 10
609 352 8
609 770 8
609 136 4
609 240 2
610 839 1
610 821 2
610 492 4
610 332 6
610 970 3
611 443 1
611 816 7
612 735 4
612 331 9
613 80 8
613 476 1
613 856 10
613 864 9
614 498 6
614 362 6
614 349 5
614 260 7
615 876 8
615 154 8
616 831 9
616 653 10
616 31 1
616 458 10
616 357 8
616 327 2
616 14 9
616 715 5
616 169 1
616 891 6
617 683 2
617 350 9
617 69 2
617 17 6
617 587 2
617 33 6
617 689 1
617 901 9
617 912 8
617 952 6
618 178 2
618 974 8
618 158 3
618 811 10
618 947 1
618 636 3
618 656 1
618 738 9
619 168 9
619 317 6
619 611 7
619 144 1
619 582 8
619 294 4
619 449 8
620 283 8
620 403 5
620 157 6
620 844 5
620 955 1
620 695 4
621 803 7
621 10 8
621 187 6
621 333 6
621 448 5
622 569 5
622 294 10
622 981 3
623 92 1
623 28 9
623 599 8
623 794 1
623 123 4
623 555 2
624 986 10
624 961 8
624 746 2
624 832 3
624 621 8
624 765 1
624 201 2
625 41 5
625 719 5
625 50 9
625 374 1
625 63 9
626 72 1
626 636 2
626 136 10
626 662 5
627 454 8
627 873 2
627 742 9
627 759 10
627 938 10
627 121 2
627 363 5
627 327 10
628 797 2
628 635 7
628 856 1
629 672 6
629 2 5
629 896 1
629 697 1
630 890 6
630 882 4
630 435 8
630 664 1
630 233 4
631 775 9
631 31 6
631 763 1
632 150 6
632 327 9
632 356 10
633 777 5
633 846 6
633 60 9
633 695 8
633 388 6
633 35 4
633 680 4
634 69 6
635 280 2
635 547 6
635 727 5
635 559 10
635 276 9
635 122 3
635 592 6
635 844 8
636 466 8
636 767 5
636 290 7
636 520 6
636 122 1
636 24 4
637 267 7
637 413 2
637 175 2
638 909 9
638 685 10
638 244 5
638 557 10
638 799 3
639 341 9
639 299 4
639 255 4
639 636 7
640 437 5
640 532 1
640 400 3
640 173 9
640 829 6
640 622 4
641 875 1
641 169 2
641 324 7
641 212 1
641 80 1
641 281 6
641 60 4
641 835 10
642 570 10
642 357 1
642 286 9
642 735 7
642 582 4
642 945 6
643 616 10
643 585 3
643 248 7
643 706 3
643 208 3
643 663 6
644 57 2
644 558 7
644 361 5
645 470 7
645 466 6
645 694 7
645 300 8
645 509 4
645 664 5
645 954 3
646 125 1
646 184 2
646 162 5
646 245 1
646 382 1
646 363 9
646 299 1
646 763 4
646 726 3
647 895 1
647 323 6
647 817 1
647 849 7
647 17 8
647 322 9
647 512 3
647 897 10
647 537 7
648 57 7
648 310 7
648 272 10
648 589 5
649 839 9
649 602 9
650 386 5
650 217 3
650 925 2
650 494 6
650 242 7
651 710 9
651 774 6
651 733 7
651 482 8
651 895 5
651 992 7
651 730 7
652 15 3
652 83 3
652 305 7
652 347 7
652 643 9
652 399 8
653 433 10
653 326 4
653 297 2
653 706 3
654 75 10
654 188 10
654 242 6
655 321 7
656 556 9
656 425 2
656 946 4
656 333 5
657 627 2
657 176 2
657 195 5
657 813 10
658 208 4
659 974 1
659 424 5
659 942 5
659 692 5
659 243 4
659 819 7
659 718 1
659 526 9
660 849 1
660 891 10
660 13 5
660 662 6
660 262 5
661 600 6
661 172 2
661 470 8
661 120 7
661 696 2
661 940 9
661 462 6
661 52 8
661 754 7
661 521 10
662 448 5
662 533 2
663 340 10
663 42 5
664 725 6
664 360 8
664 949 9
664 394 1
664 737 2
664 103 4
664 850 8
664 481 6
665 180 5
665 335 9
665 144 10
665 255 1
665 822 8
665 497 1
666 115 10
666 247 8
666 474 5
666 62 8
666 765 8
666 28 8
666 173 9
666 595 10
666 375 8
667 288 3
667 719 7
667 260 9
667 939 3
667 391 5
667 479 3
667 604 8
667 979 9
667 191 1
667 341 1
667 351 1
667 959 10
668 197 8
668 24 9
668 934 10
668 750 7
668 384 6
668 954 1
669 872 8
669 992 3
669 189 4
670 246 2
670 773 3
671 8 10
671 689 6
671 880 8
671 433 1
672 953 6
672 35 10
672 356 1
672 417 2
672 141 9
672 508 10
672 594 10
672 395 1
673 166 8
673 510 4
673 916 9
673 145 7
673 301 4
673 790 10
673 6 2
674 513 1
674 369 8
674 34 10
674 903 2
674 759 8
674 918 7
674 415 5
675 868 3
675 37 9
675 969 6
675 466 9
676 779 8
676 975 10
676 266 1
676 191 3
676 955 7
676 307 7
676 940 1
677 96 6
677 806 7
677 691 10
677 981 7
677 720 5
678 420 9
678 850 3
678 399 4
678 437 10
678 670 5
678 393 9
678 660 7
678 341 8
679 777 1
679 771 2
679 109 3
679 111 4
680 832 6
680 41 5
680 595 7
680 413 7
680 727 9
680 525 6
681 623 10
681 152 6
681 570 9
681 326 5
681 813 4
682 38 3
682 918 2
682 849 3
683 405 4
683 432 6
684 815 8
684 230 7
685 830 6
685 739 9
685 91 1
685 706 3
685 734 8
686 373 3
686 570 10
686 92 7
687 350 10
687 626 5
687 929 4
687 915 2
688 680 8
688 42 1
688 546 10
688 453 3
689 316 1
689 155 1
689 404 7
689 605 4
689 953 3
690 534 1
690 983 1
690 435 2
690 61 2
691 320 1
691 577 1
691 994 4
691 783 4
691 493 3
691 960 4
691 743 3
692 86 5
692 554 1
692 528 3
692 169 2
693 414 2
693 512 10
693 915 1
694 568 2
694 126 5
694 419 4
694 652 2
694 31 3
694 617 7
695 295 10
695 954 1
695 511 9
695 252 8
695 560 2
695 796 6
696 24 2
696 257 7
696 927 2
696 631 1
696 529 7
697 165 6
697 44 10
697 531 4
697 449 1
697 486 6
697 852 5
698 138 5
698 914 4
698 454 9
698 789 6
699 112 4
699 663 5
699 107 3
700 733 2
700 762 7
700 979 7
700 218 9
700 930 10
700 67 1
701 463 9
701 424 7
701 289 4
701 971 2
701 329 10
701 232 6
701 487 6
701 994 3
701 130 10
701 247 1
701 554 1
701 128 10
702 269 5
702 973 3
702 443 8
702 711 9
702 175 9
703 851 7
703 910 7
703 209 7
703 810 6
703 993 6
703 54 9
704 83 9
704 285 5
704 836 3
704 817 6
704 124 8
704 726 4
704 497 7
705 285 4
705 174 6
705 436 1
705 41 2
706 436 9
706 279 3
706 972 7
706 803 8
706 930 4
707 66 6
707 652 6
707 548 8
707 173 4
708 967 10
708 412 5
708 256 2
708 159 5
709 839 3
709 413 2
709 718 2
709 179 2
709 726 9
710 818 7
710 236 6
710 173 5
711 139 7
711 875 4
711 568 3
711 817 4
711 463 4
711 277 10
712 72 7
712 8 4
712 593 4
712 715 5
712 479 3
712 801 5
712 366 4
712 244 4
713 544 10
713 256 9
713 153 10
713 958 5
713 558 9
713 539 5
713 230 4
713 102 8
713 582 5
714 566 8
714 595 7
714 310 4
714 438 5
715 436 9
715 661 5
715 265 5
715 491 1
715 703 10
715 251 7
715 796 4
715 926 8
715 722 9
716 416 7
716 157 2
716 920 9
716 624 3
716 804 7
717 167 1
717 843 8
717 291 9
717 423 1
718 161 10
718 61 2
718 744 10
718 637 2
719 314 5
719 744 6
719 889 5
719 173 5
719 976 6
719 453 3
719 543 7
719 902 8
720 581 8
720 222 6
720 892 10
720 578 6
720 589 5
720 914 10
720 691 1
721 367 9
721 667 1
722 479 4
722 635 1
722 157 7
722 224 5
723 113 7
723 41 9
723 978 4
723 921 5
723 838 10
724 722 5
724 388 1
724 413 1
725 676 9
725 4 4
726 96 3
726 311 2
726 403 6
726 692 4
726 230 5
726 669 8
726 557 2
727 803 5
727 150 5
727 217 1
727 611 7
727 101 9
727 822 9
728 557 9
728 709 4
728 661 7
728 943 1
728 556 3
729 850 7
729 232 9
729 147 9
730 352 4
730 868 2
730 351 2
730 671 5
730 103 5
731 473 1
731 249 9
731 829 1
731 330 10
732 198 6
732 359 6
732 983 7
733 353 3
733 76 2
733 379 8
733 539 9
733 412 2
733 344 1
733 777 1
734 157 6
734 48 7
734 669 2
734 522 7
734 10 6
735 597 10
735 42 5
735 175 3
735 586 2
735 470 4
735 460 7
735 161 5
736 278 3
736 856 9
736 631 9
736 100 3
736 257 4
736 913 5
736 538 8
736 189 9
737 199 3
737 744 8
737 886 6
737 15 4
737 17 5
738 931 3
738 676 7
738 752 6
738 224 7
738 32 1
739 376 3
739 962 10
739 309 5
740 954 7
740 839 7
740 947 4
740 384 2
741 252 1
741 440 2
741 333 6
741 589 9
741 668 1
741 393 10
742 195 1
742 951 9
742 412 10
742 386 3
742 921 2
742 847 8
742 778 8
743 986 5
743 80 7
743 886 6
743 327 8
743 360 9
743 729 4
744 155 3
744 883 1
744 361 1
744 274 10
744 899 10
744 296 4
745 480 6
745 16 10
745 433 2
745 741 5
746 108 5
746 506 8
746 253 10
746 735 10
747 11 9
747 104 2
747 445 7
747 1 9
748 372 9
748 72 8
748 791 4
748 302 6
748 357 3
748 612 9
748 705 7
748 767 9
748 246 6
748 410 10
748 190 1
748 154 6
749 436 4
749 321 7
749 908 1
750 233 5
750 974 1
750 921 8
750 430 2
750 889 1
751 60 9
751 415 7
751 500 6
752 295 8
752 131 6
752 222 5
752 690 3
753 52 3
753 639 1
754 372 4
754 402 10
754 129 7
754 856 9
754 87 10
755 575 4
755 309 2
755 880 3
755 245 3
755 978 4
755 562 2
756 130 1
756 752 10
756 400 8
757 785 1
757 912 10
757 511 6
757 556 9
757 270 3
757 72 2
758 486 5
758 763 4
758 716 6
758 551 2
758 754 9
758 196 7
758 267 9
758 537 6
759 955 7
759 133 8
759 300 3
759 488 1
759 864 2
760 946 7
760 212 2
760 996 10
760 195 5
761 323 6
761 541 7
761 581 9
761 427 9
761 934 5
762 95 10
762 835 5
762 298 7
762 374 1
762 597 1
762 160 9
763 737 6
763 554 9
763 374 4
763 853 7
763 594 6
763 827 4
763 758 7
764 262 10
764 243 10
764 516 1
764 79 10
764 3 6
765 94 7
765 272 3
765 605 3
765 180 8
765 595 3
766 611 2
766 188 7
766 983 4
766 820 9
767 785 4
767 289 4
767 178 10
767 67 9
767 313 9
767 211 3
768 517 8
768 790 5
768 962 3
768 4 6
769 152 5
769 439 6
769 779 9
769 308 7
769 199 1
769 764 6
769 994 3
769 629 4
769 650 1
770 277 2
770 880 2
770 252 8
770 919 5
770 272 1
770 885 1
771 7 1
771 684 8
771 207 1
771 212 2
771 680 5
771 131 10
772 460 1
772 961 9
772 447 3
772 734 8
772 566 1
772 237 1
772 24 4
773 117 10
773 426 1
773 858 5
773 287 10
773 527 2
773 794 1
773 267 10
774 824 7
774 299 5
774 313 6
774 733 5
774 611 9
774 58 4
774 197 4
774 903 1
774 892 1
775 171 5
775 972 8
775 888 10
775 214 1
775 622 6
776 657 10
776 552 2
776 593 4
776 898 1
776 564 9
777 233 3
777 179 6
777 641 1
777 754 10
777 159 5
777 911 9
778 428 2
778 408 5
778 807 6
778 710 3
778 926 7
778 407 7
778 780 7
779 568 8
779 996 7
779 345 3
779 670 4
779 673 1
779 300 7
779 445 3
779 740 10
779 810 7
780 492 6
781 844 6
781 822 2
782 105 5
782 446 1
783 622 8
783 985 3
783 763 9
783 240 4
783 850 1
783 247 8
783 821 4
784 185 4
784 675 6
784 893 4
784 301 5
784 853 5
784 521 6
784 843 9
784 165 1
784 731 5
785 422 5
785 648 1
785 704 5
785 326 10
785 230 4
785 681 6
785 161 10
786 253 7
786 510 2
786 69 4
786 580 8
786 485 9
786 249 3
787 596 5
787 647 8
787 453 7
787 655 10
787 511 1
787 439 4
787 12 1
787 673 10
787 901 3
787 321 3
788 719 1
788 720 6
789 959 4
789 235 5
789 109 1
789 730 7
789 253 10
789 692 4
790 269 5
790 10 7
790 332 7
790 841 6
790 805 3
790 669 3
790 227 5
791 56 6
791 749 9
791 76 8
792 870 2
792 192 8
792 676 10
793 901 1
793 160 3
793 50 1
793 756 8
793 848 10
794 732 2
795 416 6
795 380 1
796 101 5
796 118 2
796 140 10
797 190 4
797 252 2
797 357 4
797 182 5
797 839 7
797 87 2
797 166 4
798 935 4
798 236 1
798 420 9
798 568 9
799 771 9
799 175 4
799 472 1
799 746 9
799 585 8
799 720 5
799 53 1
800 665 1
800 115 5
800 649 5
800 167 1
800 592 3
801 343 1
801 807 5
801 521 4
801 354 5
801 389 3
802 485 7
802 143 5
803 239 10
803 111 2
803 200 8
804 415 2
804 400 9
804 936 5
804 760 7
804 21 4
804 118 8
804 71 7
804 949 1
804 944 5
805 283 7
805 136 3
805 818 1
805 472 5
805 629 5
806 147 8
806 859 3
806 495 6
806 158 8
807 98 3
807 22 1
807 4 5
807 340 3
807 667 7
807 521 6
807 161 5
807 814 1
807 96 8
807 433 2
808 849 1
808 803 4
809 957 1
809 637 2
809 492 5
809 97 2
809 32 1
809 707 7
809 738 1
809 476 1
810 393 6
810 853 3
810 948 3
810 378 10
810 661 3
811 444 7
811 208 6
812 810 4
812 685 9
812 724 6
812 616 2
812 942 4
812 760 9
813 21 6
813 399 8
813 475 3
813 392 7
814 205 2
815 187 3
815 384 1
815 685 2
815 517 5
815 338 8
815 487 10
815 947 9
815 774 7
816 855 3
816 687 10
816 567 7
816 130 5
816 118 4
816 897 4
816 412 2
816 948 8
817 213 9
817 967 3
817 396 9
817 977 9
817 581 3
817 822 5
817 784 2
818 211 7
818 400 4
818 286 2
818 407 7
818 842 4
818 69 4
818 781 3
818 597 3
819 841 10
819 172 1
819 24 10
819 691 1
819 670 2
819 122 8
819 741 9
820 677 7
820 446 10
821 860 5
821 938 10
821 541 1
822 666 6
822 342 2
822 100 4
822 481 1
822 318 10
823 947 8
823 398 2
823 859 7
823 168 6
824 362 9
824 19 3
824 585 3
825 329 10
825 983 10
825 501 2
826 623 4
826 813 2
826 941 9
827 739 4
827 809 6
828 596 9
828 730 8
828 669 8
828 736 3
828 600 5
828 111 7
828 606 10
829 839 2
829 397 10
829 16 4
829 484 7
829 266 5
829 194 10
829 608 10
829 677 4
830 485 6
830 131 2
830 961 7
830 757 3
830 871 3
830 777 4
830 698 6
830 921 3
830 623 6
831 82 8
831 235 3
831 713 7
831 537 10
831 110 6
832 228 7
832 624 3
833 793 5
833 313 8
833 281 8
833 728 9
834 428 2
834 858 5
834 131 7
834 703 1
834 757 9
834 438 5
834 163 9
834 573 9
834 727 10
835 803 3
835 938 3
835 612 2
835 624 8
835 951 10
835 421 3
835 144 4
835 393 7
835 89 9
835 44 5
835 822 1
836 189 1
836 508 10
836 569 8
837 947 6
837 925 7
837 440 4
838 766 5
838 624 7
838 123 3
838 738 3
839 700 7
839 600 4
839 860 8
840 84 7
840 7 4
840 87 7
840 676 7
841 950 1
841 134 10
841 986 7
841 37 7
842 329 1
842 9 8
842 336 4
842 919 5
842 869 9
842 235 3
842 191 8
842 362 9
843 189 5
843 579 8
844 552 9
844 195 10
844 941 7
845 271 8
845 281 10
845 522 7
845 157 8
845 215 5
846 694 5
846 191 2
846 138 10
846 601 5
846 642 3
846 632 7
847 375 9
847 809 10
847 180 10
847 28 3
847 846 9
848 680 9
848 624 3
848 250 9
849 727 4
849 271 4
849 497 6
849 256 8
849 821 3
849 652 6
849 93 5
849 549 4
849 789 4
850 415 8
850 146 2
851 94 10
851 881 6
851 672 8
851 555 7
851 239 9
851 298 9
852 360 1
852 416 2
852 787 7
852 331 8
852 126 9
853 842 8
854 713 4
854 350 5
855 969 2
855 858 9
855 45 4
855 745 4
855 488 7
855 950 4
856 403 8
856 89 5
856 352 7
856 668 5
856 138 7
856 256 2
856 17 10
856 122 6
857 336 1
857 333 5
857 202 4
858 372 2
858 923 5
858 978 2
858 535 2
858 551 8
859 495 2
859 48 9
859 420 4
859 585 1
859 825 4
859 503 2
860 874 2
860 752 5
861 26 6
861 580 5
861 335 6
861 108 5
862 720 5
862 65 4
863 607 5
864 759 7
864 308 4
864 428 6
865 231 4
865 482 4
865 48 7
866 856 5
866 795 5
866 87 3
866 662 8
867 677 10
867 287 2
867 176 6
868 350 1
868 931 2
868 720 5
868 919 6
869 217 1
869 618 1
869 931 5
869 981 1
869 180 2
869 139 6
869 100 9
870 499 4
870 689 7
870 436 9
870 455 5
870 388 1
870 249 2
870 206 2
870 545 7
870 304 3
871 781 9
871 193 4
871 151 9
872 453 3
872 627 1
872 425 6
873 850 5
873 743 6
873 29 7
874 117 8
874 42 5
874 379 10
874 245 6
874 893 7
874 819 3
874 44 8
874 886 10
874 205 10
874 84 7
875 882 9
875 32 10
875 605 7
875 301 7
876 630 4
876 583 6
876 146 2
876 849 8
876 672 10
876 104 6
877 959 4
877 758 10
877 918 8
877 968 10
877 934 8
877 831 1
877 369 9
878 134 10
878 975 2
878 436 10
878 693 10
878 910 4
878 215 6
878 482 8
879 106 10
879 303 1
879 289 2
879 703 4
880 0 9
880 971 7
880 838 5
880 919 2
880 585 10
880 828 4
880 638 4
881 392 2
881 509 6
881 98 1
881 979 2
881 395 4
881 633 7
881 553 3
882 465 6
882 937 4
882 170 10
882 148 3
882 359 2
882 86 1
883 773 4
883 760 2
883 386 6
883 668 10
883 261 3
883 967 2
884 899 8
884 584 4
884 198 5
884 713 9
884 145 4
885 823 7
885 598 3
885 943 6
885 293 6
885 127 6
885 897 2
886 291 6
886 163 7
886 855 10
886 880 7
887 851 8
887 964 4
888 528 3
888 420 8
888 106 2
888 845 9
888 729 9
888 25 7
889 875 9
889 250 9
889 990 3
889 628 3
889 634 1
890 651 10
890 343 10
890 635 7
891 172 7
891 688 3
891 349 5
891 190 1
892 929 8
892 384 4
892 407 2
892 775 10
892 125 6
893 22 2
893 806 7
893 380 6
893 497 10
893 696 4
893 547 9
894 580 2
894 309 7
894 693 8
894 663 6
894 551 8
894 139 1
894 312 8
894 541 10
894 153 8
895 192 4
895 917 2
895 32 5
895 936 8
895 151 4
895 422 6
896 234 3
896 688 7
896 424 4
896 383 10
896 932 9
896 741 8
896 412 8
896 783 10
897 207 10
897 447 3
897 4 4
897 723 7
898 313 5
898 79 9
899 287 3
899 176 7
899 635 4
899 508 8
900 886 2
900 966 8
900 31 3
900 218 10
900 572 2
900 186 9
901 994 4
901 655 1
901 1 4
901 965 2
901 899 4
901 104 3
901 533 7
902 79 10
902 591 10
902 913 5
902 826 10
902 506 4
902 427 8
903 958 7
903 186 2
903 491 9
903 660 6
903 993 2
903 469 3
903 911 1
903 517 1
903 815 5
904 522 2
904 692 4
905 128 7
905 495 3
905 741 3
905 699 2
905 508 2
906 139 5
906 770 4
906 572 5
906 153 6
907 802 8
907 539 9
907 594 5
907 157 8
907 159 5
908 178 1
908 48 7
908 63 5
908 445 6
908 136 6
909 274 1
909 255 7
909 314 6
909 30 3
909 363 10
909 919 8
909 477 7
910 850 6
910 173 3
911 426 8
911 325 1
911 997 6
911 551 1
911 251 7
912 336 6
912 64 3
912 143 7
912 149 7
913 837 7
913 500 8
913 210 4
913 647 10
914 702 7
914 380 1
914 511 10
914 27 2
915 710 8
915 532 10
915 793 2
916 56 10
917 714 10
917 378 5
917 312 7
917 440 9
917 374 4
918 730 1
918 697 9
918 488 1
918 164 4
918 62 10
919 457 1
919 399 5
919 156 6
920 555 1
920 333 4
920 809 9
920 198 2
920 823 10
920 652 10
920 280 6
920 501 7
921 785 9
921 728 2
921 910 9
921 547 4
921 338 4
921 10 6
921 659 2
921 804 10
921 557 7
922 476 2
922 227 8
922 372 1
922 718 8
922 595 4
923 184 7
923 697 4
924 174 7
924 185 2
924 157 5
924 413 1
924 888 4
924 104 8
924 286 1
925 14 5
925 975 4
925 365 7
925 251 8
926 289 3
926 582 10
926 69 2
926 128 10
926 317 6
926 512 9
926 803 5
926 927 7
927 82 5
927 885 10
928 849 2
928 165 9
928 162 10
928 591 2
928 640 5
928 918 1
928 590 1
929 319 1
930 411 6
930 404 2
930 561 8
930 368 3
930 741 4
931 129 3
931 145 9
931 392 9
931 949 9
931 781 4
931 530 2
931 899 3
931 75 4
932 73 5
932 120 9
932 297 8
932 361 3
932 821 8
932 844 4
932 109 5
932 88 10
933 50 7
933 759 7
933 39 9
933 222 5
933 940 10
933 347 9
933 118 6
934 890 2
934 265 4
934 483 7
935 116 5
935 778 10
935 542 7
936 550 8
936 268 5
936 250 1
936 301 2
937 761 10
937 670 5
937 168 7
937 330 6
937 183 4
937 294 9
937 965 4
938 755 10
938 86 7
938 396 5
938 476 5
939 455 9
939 793 10
939 985 6
939 757 10
940 374 6
940 809 8
940 448 10
940 245 3
940 262 2
941 331 7
941 710 10
941 778 9
941 527 6
941 877 9
941 233 5
942 242 5
942 422 8
943 541 1
943 798 2
943 857 2
943 837 8
943 494 4
943 289 2
944 712 8
944 55 4
944 558 2
944 553 6
944 15 4
944 283 2
944 686 9
945 590 9
945 267 4
945 867 5
945 183 10
946 675 4
946 691 4
946 236 4
946 972 6
946 521 6
946 989 7
946 445 1
946 514 10
947 155 7
947 815 4
947 659 10
948 338 8
948 173 2
948 575 9
948 459 4
948 140 5
948 796 10
948 368 5
949 495 7
949 230 5
949 969 10
949 356 1
949 902 10
949 62 8
949 904 4
950 408 10
950 263 4
950 949 1
950 961 4
950 816 7
950 164 3
951 276 10
951 732 3
951 564 10
951 301 5
952 704 3
952 836 9
952 394 7
952 679 4
952 387 8
952 308 9
952 688 4
952 215 8
953 4 7
954 365 3
954 429 7
955 166 8
955 891 5
955 543 5
955 15 4
955 971 3
955 498 7
955 38 7
955 88 9
956 911 8
956 592 8
956 188 8
956 732 3
956 576 7
956 447 10
956 508 8
957 400 7
958 151 2
958 77 3
958 817 8
958 76 1
958 327 10
959 697 6
959 160 9
959 240 10
959 878 9
959 937 6
959 745 6
960 469 3
960 517 8
960 948 8
960 562 10
960 879 1
960 243 10
960 934 1
960 642 1
960 198 1
961 547 5
961 976 2
961 190 6
961 141 3
961 494 2
961 261 2
961 747 4
962 87 10
962 998 4
962 568 9
962 872 4
962 429 4
962 393 1
963 27 2
963 931 10
963 492 5
963 944 8
964 884 7
964 719 5
964 781 2
964 206 4
965 673 6
965 678 6
966 411 1
966 774 4
966 880 3
966 607 7
966 719 8
966 897 7
967 502 2
967 872 5
967 163 10
967 797 10
967 382 6
967 942 6
967 563 2
968 682 3
968 275 4
968 409 1
968 455 1
968 453 2
968 590 2
968 776 4
969 672 4
969 317 1
969 671 7
969 799 1
970 19 2
970 717 2
970 549 6
970 463 5
970 696 1
970 107 6
971 957 4
971 537 1
971 799 8
971 579 9
971 590 8
971 793 1
972 475 8
972 426 4
973 424 5
973 634 2
973 302 3
973 712 4
973 981 3
974 210 10
974 36 1
974 406 5
974 681 6
974 16 6
974 692 7
975 277 10
975 79 10
976 973 6
977 305 3
977 804 3
977 492 2
977 744 2
977 689 8
977 562 7
978 149 3
978 472 8
978 605 4
978 741 5
979 985 2
979 217 4
979 887 4
980 243 6
980 289 6
980 717 9
980 226 8
980 207 8
980 392 1
980 737 6
981 906 10
981 600 3
981 613 4
982 262 7
982 266 5
982 670 10
982 785 8
983 653 7
983 779 10
983 331 6
983 372 4
983 731 4
984 596 8
984 363 1
984 986 6
984 185 10
984 278 7
984 766 9
984 37 8
985 129 3
985 973 6
986 595 1
986 86 4
986 260 2
987 975 2
987 611 2
987 695 1
987 336 4
988 602 8
988 156 1
988 519 3
988 538 4
988 594 4
988 439 2
988 778 5
988 822 7
989 96 7
989 899 1
989 720 1
989 429 6
989 384 10
989 71 7
990 675 2
991 778 4
991 805 8
992 272 4
992 284 9
992 233 2
992 809 5
992 621 5
992 688 7
992 549 8
992 500 6
992 825 2
992 885 4
992 162 3
993 830 2
993 334 3
993 742 4
993 264 3
993 232 10
994 790 1
994 753 3
994 181 6
994 390 8
995 186 5
995 770 10
996 778 7
996 469 1
996 638 8
996 880 4
997 786 8
997 515 10
998 109 4
998 746 7
998 268 1
998 367 9
Source: 240
